SIZE 500 500
CIRCLE 250.0 250.0 0.0
CIRCLE 261.1072073453959 261.1072073453959 7.853981633974483
CIRCLE 250.0 281.41592653589794 15.707963267948966
CIRCLE 216.67837796381227 283.32162203618776 23.561944901923447
CIRCLE 187.16814692820412 250.0 31.41592653589793
CIRCLE 194.4639632730204 194.46396327302043 39.269908169872416
CIRCLE 249.99999999999997 155.7522203923062 47.12388980384689
CIRCLE 327.7504514177714 172.24954858222858 54.97787143782138
CIRCLE 375.66370614359175 249.99999999999997 62.83185307179586
CIRCLE 349.9648661085632 349.9648661085632 70.68583470577035
CIRCLE 250.00000000000006 407.0796326794897 78.53981633974483
SHOOP SHOOP 250.00000000000006 407.0796326794897 78.53981633974483
CIRCLE 127.82071920064509 372.1792807993552 86.3937979737193
CIRCLE 61.50444078461243 250.00000000000006 94.24777960769379
CIRCLE 105.60630450985317 105.606304509853 102.10176124166829
CIRCLE 250.00000000000028 30.088514248714432 109.95574287564278
CIRCLE 416.6081101809391 83.39188981906162 117.80972450961727
CIRCLE 501.3274122871835 250.00000000000077 125.66370614359175
CIRCLE 438.8225248717299 438.8225248717314 133.51768777756627
CIRCLE 249.99999999999864 532.7433388230816 141.37166941154075
CIRCLE 38.963060437476315 461.0369395625213 149.22565104551524
END
