SIZE 1000 500

// GROUND
LINE 0 350 1000 350
LINE 0 351 1000 351
LINE 0 352 1000 352
LINE 0 353 1000 353
LINE 0 355 1000 355
LINE 0 358 1000 358
LINE 0 363 1000 363
LINE 0 371 1000 371
LINE 0 384 1000 384
LINE 0 405 1000 405
LINE 0 439 1000 439
LINE 0 494 1000 494
LINE 0 583 1000 583
LINE 0 727 1000 727
LINE 0 960 1000 960

// CAVE
LINE 0 500 0 0
LINE 0 475 25 0
LINE 0 450 50 0
LINE 0 425 75 0
LINE 0 400 100 0
LINE 0 375 125 0
LINE 0 350 150 0
LINE 0 325 175 0
LINE 0 300 200 0
LINE 0 275 225 0
LINE 0 250 250 0
LINE 0 225 275 0
LINE 0 200 300 0
LINE 0 175 325 0
LINE 0 150 350 0
LINE 0 125 375 0
LINE 0 100 400 0
LINE 0 75 425 0
LINE 0 50 450 0
LINE 0 25 475 0
LINE 0 0 500 0

LINE 1000 500 1000 0
LINE 1000 475 975 0
LINE 1000 450 950 0
LINE 1000 425 925 0
LINE 1000 400 900 0
LINE 1000 375 875 0
LINE 1000 350 850 0
LINE 1000 325 825 0
LINE 1000 300 800 0
LINE 1000 275 775 0
LINE 1000 250 750 0
LINE 1000 225 725 0
LINE 1000 200 700 0
LINE 1000 175 675 0
LINE 1000 150 650 0
LINE 1000 125 625 0
LINE 1000 100 600 0
LINE 1000 75 575 0
LINE 1000 50 550 0
LINE 1000 25 525 0
LINE 1000 0 500 0

// DRAW MOONS
FILL 255 255 255 1.0
STROKE 0 0 0 1.0
CIRCLE 766 162 15
CIRCLE 736 132 35
CIRCLE 700 100 50

// SHIP
FILL 255 255 255 1.0
STROKE 0 0 0 1.0

RECTANGLE 200 300 25 70
POLYGON 200 300 212 290 225 300
POLYGON 200 370 190 370 200 340
POLYGON 225 370 235 370 225 340

TEXT 250 100 “It’s a fixer-upper of a planet but we could make it work.”
TEXT 250 120 ~ Elon Musk

TEXT 205 320 U
TEXT 205 335 S
TEXT 205 350 A

END