SIZE 500 500
LINE 250.0 250.0 250.0 250.0
LINE 250.0 251.5707963267949 248.4292036732051 250.0
LINE 246.85840734641022 250.0 250.0 246.85840734641022
LINE 250.0 245.2876110196153 254.7123889803847 250.0
LINE 256.28318530717956 250.0 250.0 256.28318530717956
LINE 250.0 257.85398163397446 242.14601836602552 250.0
LINE 240.57522203923062 250.0 250.0 240.57522203923062
LINE 250.0 239.00442571243573 260.9955742875643 250.0
LINE 262.5663706143592 250.0 250.0 262.5663706143592
LINE 250.0 264.1371669411541 235.86283305884592 250.0
LINE 234.29203673205103 250.0 249.99999999999997 234.29203673205103
LINE 249.99999999999997 232.72124040525614 267.27875959474386 250.0
LINE 268.84955592153875 250.0 249.99999999999997 268.84955592153875
LINE 249.99999999999997 270.42035224833364 229.57964775166636 249.99999999999994
LINE 228.00885142487144 249.99999999999994 250.00000000000009 228.00885142487144
LINE 250.0000000000001 226.43805509807655 273.5619449019234 250.00000000000014
LINE 275.1327412287184 250.00000000000014 249.9999999999998 275.1327412287184
LINE 249.9999999999998 276.70353755551326 223.29646244448674 249.99999999999974
LINE 221.72566611769184 249.99999999999972 250.0000000000003 221.72566611769184
LINE 250.00000000000034 220.15486979089695 279.84513020910305 250.0000000000004
LINE 281.41592653589794 250.0000000000004 249.99999999999955 281.41592653589794
LINE 249.99999999999952 282.98672286269283 217.01327713730717 249.99999999999946
LINE 215.44248081051225 249.99999999999943 250.00000000000063 215.44248081051225
LINE 250.00000000000065 213.87168448371736 286.12831551628267 250.0000000000007
LINE 287.69911184307756 250.00000000000074 249.99999999999918 287.69911184307756
LINE 249.99999999999915 289.26990816987245 210.73009183012755 249.9999999999991
LINE 209.15929550333266 249.99999999999906 250.00000000000102 209.15929550333266
LINE 250.00000000000105 207.58849917653777 292.41150082346223 250.00000000000114
LINE 293.9822971502571 250.00000000000117 249.99999999999875 293.9822971502571
LINE 249.9999999999987 295.553093477052 204.44690652294798 249.99999999999864
LINE 202.87611019615306 249.99999999999858 250.0000000000015 202.87611019615306
LINE 250.00000000000156 201.30531386935817 298.6946861306418 250.00000000000165
LINE 300.26548245743675 250.00000000000168 249.99999999999824 300.26548245743675
LINE 249.99999999999818 301.83627878423164 198.16372121576836 249.9999999999981
LINE 196.59292488897347 249.999999999998 250.00000000000207 196.59292488897347
LINE 250.00000000000213 195.02212856217858 304.9778714378214 250.00000000000222
LINE 306.5486677646163 250.00000000000227 249.9999999999976 306.5486677646163
LINE 249.99999999999756 308.1194640914112 191.8805359085888 249.99999999999744
LINE 190.30973958179388 249.99999999999739 250.00000000000273 190.30973958179388
LINE 250.00000000000279 188.738943254999 311.26105674500104 250.0000000000029
LINE 312.83185307179593 250.00000000000298 249.99999999999693 312.83185307179593
LINE 249.99999999999685 314.4026493985908 185.59735060140918 249.9999999999972
LINE 184.02655427461428 249.99999999999713 250.00000000000253 184.02655427461428
LINE 250.0000000000026 182.4557579478194 317.5442420521806 250.00000000000222
LINE 319.1150383789755 250.00000000000227 249.9999999999981 319.1150383789755
LINE 249.99999999999807 320.6858347057704 179.3141652942296 249.99999999999844
LINE 177.74336896743472 249.9999999999984 250.0000000000012 177.74336896743472
LINE 250.00000000000122 176.17257264063983 323.8274273593602 250.00000000000082
LINE 325.39822368615506 250.00000000000085 249.99999999999955 325.39822368615506
LINE 249.99999999999955 326.96902001294995 173.03097998705005 249.99999999999997
LINE 171.46018366025515 249.99999999999997 249.9999999999996 171.46018366025515
LINE 249.9999999999996 169.88938733346026 330.11061266653974 249.99999999999918
LINE 331.6814089933346 249.99999999999915 250.00000000000128 331.6814089933346
LINE 250.0000000000013 333.2522053201295 166.74779467987048 250.00000000000176
LINE 165.1769983530756 250.0000000000018 249.99999999999775 165.1769983530756
LINE 249.99999999999773 163.6062020262807 336.3937979737193 249.99999999999724
LINE 337.9645943005142 249.9999999999972 250.00000000000327 337.9645943005142
LINE 250.00000000000333 339.5353906273091 160.46460937269092 250.0000000000038
LINE 158.89381304589602 250.0000000000039 249.99999999999562 158.89381304589602
LINE 249.99999999999554 157.32301671910113 342.67698328089887 249.99999999999505
LINE 344.24777960769376 249.99999999999497 250.00000000000554 344.24777960769376
LINE 250.00000000000563 345.81857593448865 154.18142406551135 250.00000000000614
LINE 152.61062773871646 250.00000000000625 249.99999999999324 152.61062773871646
LINE 249.99999999999312 151.03983141192157 348.96016858807843 249.99999999999258
LINE 350.5309649148733 249.99999999999247 250.00000000000807 350.5309649148733
LINE 250.0000000000082 352.1017612416682 147.8982387583318 250.00000000000875
LINE 146.3274424315369 250.0000000000089 249.99999999999056 146.3274424315369
LINE 249.99999999999042 144.756646104742 355.243353895258 249.99999999998985
LINE 356.8141502220529 249.99999999998968 250.00000000001089 356.8141502220529
LINE 250.00000000001106 358.3849465488478 141.61505345115222 250.00000000001162
LINE 140.04425712435733 250.0000000000118 249.9999999999876 140.04425712435733
LINE 249.99999999998744 138.47346079756244 361.52653920243756 249.99999999998684
LINE 363.09733552923245 249.99999999998664 250.00000000001396 363.09733552923245
LINE 250.00000000001415 364.66813185602734 135.33186814397266 250.00000000001478
LINE 133.76107181717776 250.00000000001498 249.9999999999844 133.76107181717776
LINE 249.99999999998417 132.19027549038287 367.8097245096171 249.99999999998354
LINE 369.380520836412 249.99999999998332 250.0000000000173 369.380520836412
LINE 250.00000000001754 370.9513171632069 129.0486828367931 250.0000000000182
LINE 127.47788650999821 250.00000000001845 249.9999999999809 127.47788650999821
LINE 249.99999999998067 125.90709018320332 374.0929098167967 249.99999999998
LINE 375.6637061435916 249.99999999997974 250.00000000002095 375.6637061435916
LINE 250.0000000000212 377.2345024703865 122.76549752961354 250.00000000002007
LINE 121.19470120281864 250.00000000002032 249.99999999997897 121.19470120281864
LINE 249.9999999999787 119.62390487602374 380.37609512397626 249.99999999997803
LINE 381.94689145077115 249.99999999997775 250.00000000002296 381.94689145077115
LINE 250.00000000002322 383.51768777756604 116.48231222243396 250.00000000002396
LINE 114.91151589563907 250.00000000002422 249.99999999997505 114.91151589563907
LINE 249.99999999997476 113.34071956884418 386.6592804311558 249.99999999997402
LINE 388.2300767579507 249.9999999999737 250.00000000002703 388.2300767579507
LINE 250.00000000002734 389.8008730847456 110.1991269152544 250.00000000002808
LINE 108.6283305884595 250.0000000000284 249.99999999997084 108.6283305884595
LINE 249.9999999999705 107.05753426166461 392.9424657383354 249.99999999996973
LINE 394.5132620651303 249.99999999996942 250.00000000003138 394.5132620651303
LINE 250.00000000003172 396.08405839192517 103.91594160807483 250.0000000000325
LINE 102.34514528127994 250.00000000003286 249.99999999996635 102.34514528127994
LINE 249.999999999966 100.77434895448505 399.22565104551495 249.99999999996518
LINE 400.79644737230984 249.9999999999648 250.00000000003598 400.79644737230984
LINE 250.00000000003635 402.36724369910473 97.63275630089527 250.00000000003718
LINE 96.06195997410038 250.00000000003757 249.9999999999616 96.06195997410038
LINE 249.9999999999612 94.49116364730548 405.5088363526945 249.99999999996038
LINE 407.0796326794894 249.99999999995998 250.00000000004087 407.0796326794894
LINE 250.00000000004127 408.6504290062843 91.3495709937157 250.00000000004215
LINE 89.77877466692081 250.00000000004255 249.99999999995657 89.77877466692081
LINE 249.99999999995615 88.20797834012592 411.7920216598741 249.9999999999553
LINE 413.362817986669 249.99999999995484 250.00000000004604 413.362817986669
LINE 250.00000000004647 414.93361431346386 85.06638568653614 250.00000000004735
LINE 83.49558935974125 250.0000000000478 249.99999999995129 83.49558935974125
LINE 249.99999999995083 81.92479303294635 418.07520696705365 249.99999999994992
LINE 419.64600329384854 249.99999999994947 250.00000000005147 419.64600329384854
LINE 250.00000000005193 421.2167996206434 78.78320037935657 250.00000000005286
LINE 77.21240405256168 250.00000000005335 249.99999999994571 77.21240405256168
LINE 249.99999999994523 75.64160772576679 424.3583922742332 249.9999999999443
LINE 425.9291886010281 249.99999999994378 250.00000000005716 425.9291886010281
LINE 250.00000000005767 427.499984927823 72.500015072177 250.00000000005863
LINE 70.92921874538212 250.00000000005915 249.9999999999399 70.92921874538212
LINE 249.99999999993938 69.35842241858722 430.6415775814128 249.99999999993838
LINE 432.21237390820767 249.99999999993784 250.00000000006312 432.21237390820767
LINE 250.00000000006366 433.78317023500256 66.21682976499744 250.00000000006466
LINE 64.64603343820255 250.00000000006523 249.99999999993378 64.64603343820255
LINE 249.99999999993324 63.07523711140766 436.92476288859234 249.99999999993221
LINE 438.49555921538723 249.99999999993165 250.00000000006938 438.49555921538723
LINE 250.00000000006995 440.0663555421821 59.93364445781788 250.00000000007097
LINE 58.362848131022986 250.00000000007157 249.9999999999274 58.362848131022986
LINE 249.9999999999268 56.792051804228095 443.2079481957719 249.99999999992576
LINE 444.7787445225668 249.99999999992517 250.0000000000759 444.7787445225668
LINE 250.00000000007648 446.3495408493617 53.65045915063831 250.00000000007756
LINE 52.07966282384342 250.00000000007816 249.99999999992076 52.07966282384342
LINE 249.99999999992013 50.50886649704853 449.49113350295147 249.99999999991905
LINE 451.06192982974636 249.99999999991843 250.00000000008265 451.06192982974636
LINE 250.0000000000833 452.63272615654125 47.36727384345875 250.0000000000844
LINE 45.796477516663856 250.00000000008507 249.99999999991385 45.796477516663856
LINE 249.99999999991317 44.225681189868965 455.77431881013104 249.99999999991206
LINE 457.3451151369259 249.9999999999114 250.00000000008973 457.3451151369259
LINE 250.0000000000904 458.9159114637208 41.08408853627918 250.00000000009152
LINE 39.51329220948429 250.0000000000922 249.99999999990666 39.51329220948429
LINE 249.99999999990595 37.9424958826894 462.0575041173106 249.99999999990482
LINE 463.6283004441055 249.9999999999041 250.00000000009703 463.6283004441055
LINE 250.00000000009774 465.1990967709004 34.80090322909962 250.0000000000989
LINE 33.230106902304726 250.00000000009965 249.9999999998992 33.230106902304726
LINE 249.99999999989848 31.659310575509835 468.34068942449017 249.99999999989728
LINE 469.91148575128506 249.99999999989654 250.00000000010465 469.91148575128506
LINE 250.0000000001054 471.48228207807995 28.517717921920053 250.00000000010658
LINE 26.94692159512516 250.00000000010732 249.99999999989146 26.94692159512516
LINE 249.9999999998907 25.37612526833027 474.62387473166973 249.9999999998895
LINE 476.1946710584646 249.99999999988873 250.0000000001125 476.1946710584646
LINE 250.0000000001133 477.7654673852595 22.234532614740488 250.0000000001145
LINE 20.663736287945596 250.0000000001153 249.99999999988347 20.663736287945596
LINE 249.99999999988268 19.092939961150705 480.9070600388493 249.99999999988142
LINE 482.4778563656442 249.9999999998806 250.00000000012065 482.4778563656442
LINE 250.00000000012145 484.0486526924391 15.951347307560923 250.00000000012272
LINE 14.380550980766031 250.00000000012355 249.9999999998752 14.380550980766031
LINE 249.99999999987435 12.80975465397114 487.19024534602886 249.99999999987307
LINE 488.76104167282375 249.99999999987224 250.00000000012906 488.76104167282375
LINE 250.0000000001299 490.33183799961864 9.668162000381358 250.0000000001312
LINE 8.097365673586467 250.00000000013205 249.99999999986665 8.097365673586467
LINE 249.99999999986576 6.526569346791575 493.4734306532084 249.99999999986446
LINE 495.0442269800033 249.9999999998636 250.00000000013773 495.0442269800033
LINE 250.0000000001386 496.6150233067982 3.384976693201793 250.00000000013995
LINE 1.8141803664069016 250.00000000014083 249.99999999985783 1.8141803664069016
LINE 249.99999999985693 0.24338403961201038 499.756615960388 249.9999999998556
LINE 501.3274122871829 249.99999999985468 250.00000000014668 501.3274122871829
LINE 250.0000000001476 502.8982086139778 -2.898208613977772 250.00000000014896
LINE -4.469004940772663 250.0000000001499 249.99999999984874 -4.469004940772663
LINE 249.9999999998478 -6.0398012675675545 506.03980126756755 249.99999999984644
LINE 507.61059759436245 249.9999999998455 250.0000000001559 507.61059759436245
LINE 250.00000000015686 509.18139392115734 -9.181393921157337 250.00000000015825
LINE -10.752190247952228 250.00000000015922 249.9999999998394 -10.752190247952228
LINE 249.99999999983842 -12.32298657474712 512.3229865747471 249.999999999837
LINE 513.893782901542 249.99999999983604 250.0000000001654 513.893782901542
LINE 250.00000000016638 515.4645792283369 -15.464579228336902 250.0000000001678
LINE -17.035375555131793 250.0000000001688 249.99999999982975 -17.035375555131793
LINE 249.99999999982876 -18.606171881926684 518.6061718819267 249.9999999998273
LINE 520.1769682087215 249.9999999998263 250.00000000017516 520.1769682087215
LINE 250.0000000001762 521.7477645355165 -21.747764535516467 250.00000000017764
LINE -23.318560862311358 250.00000000017866 249.99999999981986 -23.318560862311358
LINE 249.9999999998188 -24.88935718910625 524.8893571891062 249.99999999981733
LINE 526.4601535159011 249.9999999998163 250.0000000001852 526.4601535159011
LINE 250.00000000018625 528.030949842696 -28.03094984269603 250.00000000018775
LINE -29.601746169490923 250.0000000001888 249.9999999998097 -29.601746169490923
LINE 249.9999999998086 -31.172542496285814 531.1725424962858 249.9999999998071
LINE 532.7433388230806 249.99999999980602 250.00000000019548 532.7433388230806
LINE 250.0000000001966 534.3141351498756 -34.3141351498756 250.00000000019813
LINE -35.88493147667049 250.0000000001992 249.99999999979926 -35.88493147667049
LINE 249.99999999979815 -37.45572780346538 537.4557278034654 249.9999999997966
LINE 539.0265241302602 249.99999999979548 250.0000000002061 539.0265241302602
LINE 250.0000000002072 540.5973204570552 -40.59732045705516 250.00000000020876
LINE -42.16811678385005 250.0000000002099 249.99999999978854 -42.16811678385005
LINE 249.9999999997874 -43.738913110644944 543.738913110645 249.9999999997858
LINE 545.3097094374398 249.99999999978468 250.00000000021691 545.3097094374398
LINE 250.00000000021808 546.8805057642347 -46.88050576423473 250.00000000021967
LINE -48.45130209102962 250.00000000022084 249.99999999977754 -48.45130209102962
LINE 249.99999999977638 -50.02209841782451 550.0220984178245 249.99999999977476
LINE 551.5928947446193 249.9999999997736 250.00000000022803 551.5928947446193
LINE 250.00000000022922 553.1636910714143 -53.16369107141429 250.00000000023087
LINE -54.73448739820918 250.00000000023206 249.9999999997663 -54.73448739820918
LINE 249.9999999997651 -56.305283725004074 556.3052837250041 249.99999999976345
LINE 557.8760800517989 249.99999999976222 250.00000000023942 557.8760800517989
LINE 250.00000000024065 559.4468763785939 -59.446876378593856 250.00000000024232
LINE -61.01767270538875 250.00000000024355 249.99999999975478 -61.01767270538875
LINE 249.99999999975353 -62.58846903218364 562.5884690321836 249.99999999975185
LINE 564.1592653589785 249.9999999997506 250.00000000025108 564.1592653589785
LINE 250.00000000025233 565.7300616857734 -65.73006168577342 250.00000000025403
LINE -67.30085801256831 250.0000000002553 249.99999999974298 -67.30085801256831
LINE 249.9999999997417 -68.8716543393632 568.8716543393632 249.99999999974
LINE 570.442450666158 249.99999999973872 250.00000000026301 570.442450666158
LINE 250.0000000002643 572.013246992953 -72.01324699295299 250.00000000026606
LINE -73.58404331974788 250.00000000026733 249.9999999997309 -73.58404331974788
LINE 249.9999999997296 -75.15483964654277 575.1548396465428 249.99999999972786
LINE 576.7256359733376 249.99999999972655 250.0000000002752 576.7256359733376
LINE 250.00000000027654 578.2964323001326 -78.29643230013255 250.0000000002783
LINE -79.86722862692744 250.00000000027964 249.99999999971857 -79.86722862692744
LINE 249.99999999971723 -81.43802495372233 581.4380249537223 249.99999999971544
LINE 583.0088212805172 249.9999999997141 250.00000000028768 583.0088212805172
LINE 250.00000000028905 584.5796176073121 -84.57961760731212 250.00000000029084
LINE -86.15041393410701 250.00000000029223 249.99999999970598 -86.15041393410701
LINE 249.99999999970458 -87.7212102609019 587.7212102609019 249.99999999970277
LINE 589.2920065876967 249.9999999997014 250.00000000030045 589.2920065876967
LINE 250.00000000030184 590.8628029144917 -90.86280291449168 250.00000000030366
LINE -92.43359924128657 250.00000000030505 249.9999999996931 -92.43359924128657
LINE 249.99999999969168 -94.00439556808146 594.0043955680815 249.99999999968983
LINE 595.5751918948763 249.9999999996884 250.00000000031346 595.5751918948763
LINE 250.00000000031488 597.1459882216712 -97.14598822167125 250.00000000031676
LINE -98.71678454846614 250.00000000031818 249.99999999967994 -98.71678454846614
LINE 249.9999999996785 -100.28758087526103 600.287580875261 249.99999999967662
LINE 601.8583772020559 249.99999999967517 250.00000000032674 601.8583772020559
LINE 250.00000000032819 603.4291735288508 -103.42917352885081 250.0000000003301
LINE -104.9999698556457 250.00000000033157 249.99999999966653 -104.9999698556457
LINE 249.99999999966505 -106.5707661824406 606.5707661824406 249.99999999966312
LINE 608.1415625092354 249.99999999966164 250.0000000003403 608.1415625092354
LINE 250.00000000034177 609.7123588360304 -109.71235883603038 250.00000000034373
LINE -111.28315516282527 250.00000000034524 249.99999999965283 -111.28315516282527
LINE 249.99999999965132 -112.85395148962016 612.8539514896202 249.99999999964936
LINE 614.424747816415 249.99999999964786 250.0000000003541 614.424747816415
LINE 250.00000000035564 615.9955441432099 -115.99554414320994 250.00000000035763
LINE -117.56634047000483 250.00000000035917 249.99999999963887 -117.56634047000483
LINE 249.9999999996373 -119.13713679679972 619.1371367967997 249.99999999963532
LINE 620.7079331235946 249.9999999996338 250.00000000036823 620.7079331235946
LINE 250.00000000036977 622.2787294503895 -122.2787294503895 250.00000000037178
LINE -123.8495257771844 250.00000000037335 249.99999999962463 -123.8495257771844
LINE 249.99999999962304 -125.42032210397929 625.4203221039793 249.99999999962102
LINE 626.9911184307741 249.99999999961943 250.00000000038258 626.9911184307741
LINE 250.00000000038418 628.5619147575691 -128.56191475756907 250.00000000038622
LINE -130.13271108436396 250.00000000038781 249.99999999961014 -130.13271108436396
LINE 249.99999999960852 -131.70350741115885 631.7035074111589 249.99999999960644
LINE 633.2743037379537 249.99999999960482 250.00000000039722 633.2743037379537
LINE 250.00000000039887 634.8451000647486 -134.84510006474864 250.00000000040092
LINE -136.41589639154353 250.00000000040257 249.99999999959536 -136.41589639154353
LINE 249.9999999995937 -137.98669271833842 637.9866927183384 249.9999999995916
LINE 639.5574890451333 249.99999999958996 250.00000000041214 639.5574890451333
LINE 250.0000000004138 641.1282853719282 -141.1282853719282 250.00000000041592
LINE -142.6990816987231 250.00000000041757 249.9999999995803 -142.6990816987231
LINE 249.99999999957862 -144.26987802551798 644.269878025518 249.9999999995765
LINE 645.8406743523128 249.9999999995748 250.00000000042732 645.8406743523128
LINE 250.00000000042903 647.4114706791078 -147.41147067910777 250.00000000043116
LINE -148.98226700590266 250.00000000043286 249.99999999956498 -148.98226700590266
LINE 249.99999999956327 -150.55306333269755 650.5530633326975 249.9999999995611
LINE 652.1238596594924 249.9999999995594 250.00000000044278 652.1238596594924
LINE 250.00000000044452 653.6946559862873 -153.69465598628733 250.00000000044668
LINE -155.26545231308222 250.0000000004484 249.9999999995494 -155.26545231308222
LINE 249.99999999954764 -156.8362486398771 656.8362486398771 249.99999999954545
LINE 658.407044966672 249.9999999995437 250.0000000004585 658.407044966672
LINE 250.00000000046026 659.9778412934669 -159.9778412934669 250.00000000046248
LINE -161.5486376202618 250.00000000046424 249.99999999953354 -161.5486376202618
LINE 249.99999999953175 -163.11943394705668 663.1194339470567 249.99999999952954
LINE 664.6902302738515 249.99999999952774 250.0000000004745 664.6902302738515
LINE 250.0000000004763 666.2610266006465 -166.26102660064646 250.00000000047854
LINE -167.83182292744135 250.00000000048033 249.9999999995174 -167.83182292744135
LINE 249.99999999951558 -169.40261925423624 669.4026192542362 249.99999999951334
LINE 670.9734155810311 249.99999999951152 250.00000000049076 670.9734155810311
LINE 250.0000000004926 672.544211907826 -172.54421190782602 250.00000000049488
LINE -174.11500823462092 250.0000000004967 249.999999999501 -174.11500823462092
LINE 249.99999999949915 -175.6858045614158 675.6858045614158 249.99999999949685
LINE 677.2566008882106 249.999999999495 250.0000000005073 677.2566008882106
LINE 250.00000000050917 678.8273972150056 -178.8273972150056 250.00000000051148
LINE -180.39819354180048 250.00000000051335 249.99999999948434 -180.39819354180048
LINE 249.99999999948244 -181.96898986859537 681.9689898685954 249.9999999994801
LINE 683.5397861953902 249.99999999947823 250.0000000005241 683.5397861953902
LINE 250.000000000526 685.1105825221852 -185.11058252218515 250.00000000052836
LINE -186.68137884898005 250.00000000053026 249.99999999946738 -186.68137884898005
LINE 249.99999999946547 -188.25217517577494 688.2521751757749 249.9999999994631
LINE 689.8229715025698 249.99999999946118 250.00000000054118 689.8229715025698
LINE 250.0000000005431 691.3937678293647 -191.39376782936472 250.0000000005455
LINE -192.9645641561596 250.00000000054743 249.99999999945018 -192.9645641561596
LINE 249.99999999944822 -194.5353604829545 694.5353604829545 249.99999999944583
LINE 696.1061568097493 249.99999999944387 250.00000000055854 696.1061568097493
LINE 250.0000000005605 697.6769531365443 -197.67695313654428 250.00000000056292
LINE -199.24774946333918 250.00000000056488 249.9999999994327 -199.24774946333918
LINE 249.9999999994307 -200.81854579013407 700.8185457901341 249.99999999942827
LINE 702.3893421169289 249.99999999942628 250.00000000057616 702.3893421169289
LINE 250.00000000057815 703.9601384437238 -203.96013844372385 250.0000000005806
LINE -205.53093477051874 250.00000000058262 249.99999999941494 -205.53093477051874
LINE 249.99999999941292 -207.10173109731363 707.1017310973136 249.99999999941045
LINE 708.6725274241085 249.99999999940843 250.00000000059404 708.6725274241085
LINE 250.0000000005961 710.2433237509034 -210.24332375090341 250.00000000059856
LINE -211.8141200776983 250.0000000006006 249.99999999939692 -211.8141200776983
LINE 249.99999999939484 -213.3849164044932 713.3849164044932 249.99999999939234
LINE 714.955712731288 249.9999999993903 250.0000000006122 714.955712731288
LINE 250.00000000061428 716.526509058083 -216.52650905808298 250.00000000061678
LINE -218.09730538487787 250.00000000061885 249.99999999937862 -218.09730538487787
LINE 249.9999999993765 -219.66810171167276 719.6681017116728 249.99999999937398
LINE 721.2388980384676 249.9999999993719 250.00000000063065 721.2388980384676
LINE 250.00000000063275 722.8096943652625 -222.80969436526254 250.00000000063528
LINE -224.38049069205744 250.0000000006374 249.99999999936003 -224.38049069205744
LINE 249.99999999935793 -225.95128701885233 725.9512870188523 249.99999999935537
LINE 727.5220833456472 249.99999999935324 250.00000000064935 727.5220833456472
LINE 250.00000000065148 729.0928796724421 -229.0928796724421 250.00000000065407
LINE -230.663675999237 250.0000000006562 249.9999999993412 -230.663675999237
LINE 249.99999999933905 -232.2344723260319 732.2344723260319 249.99999999933644
LINE 733.8052686528267 249.99999999933428 250.0000000006683 733.8052686528267
LINE 250.0000000006705 735.3760649796217 -235.37606497962167 250.0000000006731
LINE -236.94686130641657 250.0000000006753 249.99999999932209 -236.94686130641657
LINE 249.9999999993199 -238.51765763321146 738.5176576332115 249.99999999931728
LINE 740.0884539600063 249.99999999931507 250.00000000068758 740.0884539600063
LINE 250.00000000068977 741.6592502868012 -241.65925028680124 250.0000000006924
LINE -243.23004661359613 250.00000000069463 249.9999999993027 -243.23004661359613
LINE 249.99999999930048 -244.80084294039102 744.800842940391 249.9999999992978
LINE 746.3716392671859 249.9999999992956 250.00000000070708 746.3716392671859
LINE 250.00000000070932 747.9424355939808 -247.9424355939808 250.00000000071202
LINE -249.5132319207757 250.00000000071427 249.99999999928306 -249.5132319207757
LINE 249.9999999992808 -251.0840282475706 751.0840282475706 249.9999999992781
LINE 752.6548245743654 249.99999999927584 250.00000000072689 752.6548245743654
LINE 250.00000000072916 754.2256209011604 -254.22562090116037 250.00000000073186
LINE -255.79641722795526 250.00000000073413 249.99999999926314 -255.79641722795526
LINE 249.99999999926084 -257.36721355475015 757.3672135547502 249.9999999992581
LINE 758.938009881545 249.9999999992558 250.00000000074692 758.938009881545
LINE 250.00000000074922 760.5088062083399 -260.50880620833993 250.00000000072296
LINE -262.0796025351349 250.0000000007252 249.99999999930114 -262.0796025351349
LINE 249.999999999299 -263.65039886192983 763.6503988619298 249.99999999932544
LINE 765.2211951887248 249.99999999932336 250.00000000065012 765.2211951887248
LINE 250.0000000006521 766.7919915155197 -266.7919915155197 250.0000000006255
LINE -268.3627878423147 250.0000000006274 249.99999999939925 -268.3627878423147
LINE 249.99999999939743 -269.9335841691096 769.9335841691096 249.9999999994242
LINE 771.5043804959046 249.99999999942244 250.0000000005507 771.5043804959046
LINE 250.00000000055238 773.0751768226995 -273.0751768226995 250.00000000052546
LINE -274.64597314949447 250.00000000052702 249.99999999949995 -274.64597314949447
LINE 249.99999999949847 -276.2167694762894 776.2167694762894 249.99999999952553
LINE 777.7875658030844 249.99999999952414 250.00000000044872 777.7875658030844
LINE 250.00000000045006 779.3583621298793 -279.3583621298793 250.00000000042283
LINE -280.92915845667426 250.00000000042408 249.99999999960323 -280.92915845667426
LINE 249.99999999960207 -282.4999547834692 782.4999547834692 249.99999999962947
LINE 784.0707511102642 249.9999999996284 250.00000000034416 784.0707511102642
LINE 250.00000000034515 785.6415474370591 -285.6415474370591 250.00000000031758
LINE -287.21234376385405 250.00000000031852 249.9999999997091 -287.21234376385405
LINE 249.99999999970825 -288.783140090649 788.783140090649 249.999999999736
LINE 790.353936417444 249.99999999973522 250.00000000023698 790.353936417444
LINE 250.00000000023766 791.9247327442389 -291.9247327442389 250.00000000020978
LINE -293.49552907103384 250.0000000002104 249.99999999981756 -293.49552907103384
LINE 249.99999999981705 -295.0663253978288 795.0663253978288 249.99999999984507
LINE 796.6371217246237 249.99999999984465 250.00000000012724 796.6371217246237
LINE 250.00000000012759 798.2079180514187 -298.2079180514187 250.0000000000994
LINE -299.77871437821364 250.00000000009967 249.9999999999286 -299.77871437821364
LINE 249.9999999999284 -301.3495107050086 801.3495107050086 249.99999999995677
LINE 802.9203070318035 249.99999999995666 250.0000000000149 802.9203070318035
LINE 250.00000000001495 804.4911033585985 -304.4911033585985 249.99999999998641
LINE -306.0618996853934 249.99999999998636 250.00000000004223 -306.0618996853934
LINE 250.00000000004235 -307.6326960121884 807.6326960121884 250.00000000007105
LINE 809.2034923389833 250.00000000007125 249.99999999989998 809.2034923389833
LINE 249.9999999998997 810.7742886657783 -310.7742886657783 249.99999999987085
LINE -312.3450849925732 249.99999999987048 250.00000000015845 -312.3450849925732
LINE 250.0000000001589 -313.91588131936817 813.9158813193682 250.00000000018792
LINE 815.4866776461631 250.00000000018844 249.99999999978246 815.4866776461631
LINE 249.99999999978186 817.0574739729581 -317.05747397295806 249.99999999975267
LINE -318.628270299753 249.999999999752 250.00000000027725 -318.628270299753
LINE 250.00000000027802 -320.19906662654796 820.199066626548 250.00000000030735
LINE 821.7698629533429 250.0000000003082 249.99999999966238 821.7698629533429
LINE 249.99999999966144 823.3406592801379 -323.34065928013786 249.99999999963194
LINE -324.9114556069328 249.99999999963094 250.00000000039864 -324.9114556069328
LINE 250.00000000039972 -326.48225193372775 826.4822519337278 250.0000000004294
LINE 828.0530482605227 250.00000000043056 249.99999999953968 828.0530482605227
LINE 249.99999999953843 829.6238445873176 -329.62384458731765 249.99999999950862
LINE -331.1946409141126 249.99999999950728 250.00000000052262 -331.1946409141126
LINE 250.00000000052404 -332.76543724090754 832.7654372409075 250.00000000055402
LINE 834.3362335677025 250.0000000005555 249.99999999941443 834.3362335677025
LINE 249.99999999941286 835.9070298944974 -335.90702989449744 249.9999999993827
LINE -337.4778262212924 249.99999999938106 250.00000000064918 -337.4778262212924
LINE 250.0000000006509 -339.04862254808734 839.0486225480873 250.0000000006812
LINE 840.6194188748823 250.00000000068303 249.9999999992866 840.6194188748823
LINE 249.99999999928468 842.1902152016772 -342.19021520167723 249.99999999925421
LINE -343.7610115284722 249.99999999925222 250.00000000077833 -343.7610115284722
LINE 250.00000000078037 -345.33180785526713 845.3318078552671 250.000000000811
LINE 846.9026041820621 250.00000000081315 249.99999999915613 846.9026041820621
LINE 249.9999999991539 848.473400508857 -348.473400508857 249.9999999991231
LINE -350.044196835652 249.99999999912083 250.00000000091006 -350.044196835652
LINE 250.00000000091245 -351.6149931624469 851.6149931624469 250.0000000009434
LINE 853.1857894892419 250.00000000094585 249.99999999902312 853.1857894892419
LINE 249.99999999902056 854.7565858160368 -354.7565858160368 249.99999999898944
LINE -356.32738214283177 249.99999999898682 250.00000000104438 -356.32738214283177
LINE 250.00000000104708 -357.8981784696267 857.8981784696267 250.00000000107835
LINE 859.4689747964217 250.00000000108113 249.9999999988875 859.4689747964217
LINE 249.99999999888462 861.0397711232166 -361.0397711232166 249.99999999885318
LINE -362.61056745001156 249.99999999885023 250.0000000011813 -362.61056745001156
LINE 250.0000000011843 -364.1813637768065 864.1813637768065 250.0000000012159
LINE 865.7521601036015 250.00000000121904 249.9999999987493 865.7521601036015
LINE 249.99999999874612 867.3229564303964 -367.3229564303964 249.99999999871434
LINE -368.89375275719135 249.99999999871108 250.00000000132079 -368.89375275719135
LINE 250.00000000132414 -370.4645490839863 870.4645490839863 250.00000000135606
LINE 872.0353454107812 250.0000000013595 249.9999999986085 872.0353454107812
LINE 249.999999998605 873.6061417375762 -373.6061417375762 249.99999999857292
LINE -375.17693806437114 249.9999999985693 250.00000000146284 -375.17693806437114
LINE 250.00000000146653 -376.7477343911661 876.7477343911661 250.00000000149876
LINE 878.318530717961 250.00000000150254 249.99999999846514 878.318530717961
LINE 249.9999999984613 879.889327044756 -379.889327044756 249.9999999984289
LINE -381.46012337155094 249.99999999842498 250.0000000016075 -381.46012337155094
LINE 250.0000000016115 -383.0309196983459 883.0309196983459 250.00000000164408
LINE 884.6017160251408 250.00000000164817 249.99999999831917 884.6017160251408
LINE 249.99999999831502 886.1725123519358 -386.1725123519358 249.99999999828228
LINE -387.7433086787307 249.99999999827804 250.00000000175476 -387.7433086787307
LINE 250.00000000175908 -389.3141050055257 889.3141050055257 250.000000001792
LINE 890.8849013323206 250.0000000017964 249.99999999817064 890.8849013323206
LINE 249.99999999816615 892.4556976591156 -392.4556976591156 249.9999999981331
LINE -394.0264939859105 249.99999999812854 250.0000000019046 -394.0264939859105
LINE 250.00000000190926 -395.59729031270547 895.5972903127055 250.00000000194245
LINE 897.1680866395004 250.0000000019472 249.99999999801952 897.1680866395004
LINE 249.99999999801472 898.7388829662954 -398.73888296629536 249.99999999798132
LINE -400.3096792930903 249.99999999797643 250.00000000205702 -400.3096792930903
LINE 250.000000002062 -401.88047561988526 901.8804756198853 250.00000000209553
LINE 903.4512719466802 250.0000000021006 249.99999999786579 903.4512719466802
LINE 249.99999999786067 905.0220682734752 -405.02206827347516 249.99999999782696
LINE -406.5928646002701 249.99999999782176 250.00000000221203 -406.5928646002701
LINE 250.00000000221732 -408.16366092706505 908.163660927065 250.0000000022512
LINE 909.73445725386 250.00000000225657 249.9999999977095 909.73445725386
LINE 249.99999999770404 911.305253580655 -411.30525358065495 249.99999999767002
LINE -412.8760499074499 249.99999999766447 250.00000000236963 -412.8760499074499
LINE 250.00000000237526 -414.44684623424484 914.4468462342448 250.00000000240942
LINE 916.0176425610398 250.00000000241513 249.9999999975506 916.0176425610398
LINE 249.99999999754482 917.5884388878347 -417.58843888783474 249.99999999751049
LINE -419.1592352146297 249.9999999975046 250.00000000252982 -419.1592352146297
LINE 250.00000000253576 -420.73003154142464 920.7300315414246 250.00000000257026
LINE 922.3008278682196 250.0000000025763 249.99999999738912 922.3008278682196
LINE 249.99999999738301 923.8716241950145 -423.87162419501453 249.99999999734834
LINE -425.4424205218095 249.99999999734217 250.0000000026926 -425.4424205218095
LINE 250.00000000269884 -427.01321684860443 927.0132168486044 250.00000000273369
LINE 928.5840131753994 250.00000000274002 249.99999999722507 928.5840131753994
LINE 249.99999999721865 930.1548095021943 -430.1548095021943 249.99999999718364
LINE -431.7256058289893 249.99999999717713 250.00000000285794 -431.7256058289893
LINE 250.0000000028645 -433.2964021557842 933.2964021557842 250.00000000289967
LINE 934.8671984825792 250.00000000290635 249.9999999970584 934.8671984825792
LINE 249.99999999705167 936.4379948093741 -436.4379948093741 249.99999999701635
LINE -438.00879113616907 249.99999999700952 250.0000000030259 -438.00879113616907
LINE 250.0000000030328 -439.579587462964 939.579587462964 250.00000000306827
LINE 941.150383789759 250.00000000307526 249.9999999968892 941.150383789759
LINE 249.9999999968821 942.7211801165539 -442.7211801165539 249.99999999684647
LINE -444.29197644334886 249.9999999968393 250.00000000319642 -444.29197644334886
LINE 250.00000000320364 -445.8627727701438 945.8627727701438 250.00000000323945
LINE 947.4335690969388 250.00000000324675 249.99999999671735 947.4335690969388
LINE 249.99999999670996 949.0043654237337 -449.0043654237337 249.999999996674
LINE -450.57516175052865 249.99999999666653 250.0000000033695 -450.57516175052865
LINE 250.00000000337707 -452.1459580773236 952.1459580773236 250.0000000034132
LINE 953.7167544041185 250.00000000342084 249.99999999654295 953.7167544041185
LINE 249.99999999653522 955.2875507309135 -455.2875507309135 249.99999999649896
LINE -456.85834705770844 249.99999999649114 250.0000000035452 -456.85834705770844
LINE 250.0000000035531 -458.4291433845034 958.4291433845034 250.00000000358955
LINE 959.9999397112983 250.0000000035975 249.99999999636597 959.9999397112983
LINE 249.99999999635793 961.5707360380933 -461.5707360380933 249.9999999963213
LINE -463.14153236488823 249.9999999963132 250.0000000037235 -463.14153236488823
LINE 250.0000000037317 -464.7123286916832 964.7123286916832 250.0000000037685
LINE 966.2831250184781 250.00000000377676 249.99999999618638 966.2831250184781
LINE 249.99999999617802 967.8539213452731 -467.8539213452731 249.99999999614107
LINE -469.424717672068 249.99999999613263 250.00000000390438 -469.424717672068
LINE 250.0000000039129 -470.995513998863 970.995513998863 250.00000000395
LINE 972.5663103256579 250.0000000039586 249.99999999600422 972.5663103256579
LINE 249.99999999599552 974.1371066524529 -474.13710665245287 249.99999999595826
LINE -475.7079029792478 249.9999999959495 250.00000000408784 -475.7079029792478
LINE 250.00000000409668 -477.27869930604277 977.2786993060428 250.0000000041341
LINE 978.8494956328377 250.00000000414303 249.99999999581945 978.8494956328377
LINE 249.99999999581044 980.4202919596327 -480.42029195963266 249.99999999577287
LINE -481.9910882864276 249.99999999576377 250.0000000042739 -481.9910882864276
LINE 250.00000000428307 -483.56188461322256 983.5618846132226 250.0000000043208
LINE 985.1326809400175 250.00000000433005 249.99999999563212 985.1326809400175
LINE 249.9999999956228 986.7034772668125 -486.70347726681246 249.9999999955849
LINE -488.2742735936074 249.99999999557548 250.00000000446252 -488.2742735936074
LINE 250.000000004472 -489.84506992040235 989.8450699204024 250.00000000451007
LINE 991.4158662471973 250.00000000451965 249.9999999954422 991.4158662471973
LINE 249.99999999543255 992.9866625739922 -492.98666257399225 249.99999999539432
LINE -494.5574589007872 249.99999999538457 250.00000000465374 -494.5574589007872
LINE 250.00000000466355 -496.12825522758214 996.1282552275821 250.00000000470195
LINE 997.6990515543771 250.00000000471184 249.99999999524968 997.6990515543771
LINE 249.9999999952397 999.269847881172 -499.26984788117204 249.99999999520116
LINE -500.840644207967 249.9999999951911 250.00000000484755 -500.840644207967
LINE 250.00000000485767 -502.41144053476194 1002.4114405347619 250.0000000048964
LINE 1003.9822368615569 250.0000000049066 249.9999999950546 1003.9822368615569
LINE 249.99999999504428 1005.5530331883518 -505.55303318835183 249.99999999500542
LINE -507.1238295151468 249.99999999499502 250.00000000504392 -507.1238295151468
LINE 250.0000000050544 -508.69462584194173 1008.6946258419417 250.00000000509343
LINE 1010.2654221687367 250.00000000510397 249.9999999948569 1010.2654221687367
LINE 249.9999999948463 1011.8362184955316 -511.8362184955316 249.99999999480707
LINE -513.4070148223266 249.99999999479638 250.0000000052429 -513.4070148223266
LINE 250.0000000052537 -514.9778111491215 1014.9778111491215 250.00000000529306
LINE 1016.5486074759165 250.00000000530392 249.99999999465663 1016.5486074759165
LINE 249.9999999946457 1018.1194038027114 -518.1194038027114 249.99999999460616
LINE -519.6902001295064 249.99999999459513 250.00000000544446 -519.6902001295064
LINE 250.00000000545558 -521.2609964563013 1021.2609964563013 250.00000000549525
LINE 1022.8317927830963 250.00000000550645 249.9999999944538 1022.8317927830963
LINE 249.9999999944425 1024.4025891098913 -524.4025891098912 249.99999999440266
LINE -525.9733854366862 249.99999999439132 250.00000000564862 -525.9733854366862
LINE 250.00000000566004 -527.5441817634811 1027.544181763481 250.00000000570006
LINE 1029.114978090276 250.00000000571157 249.99999999424833 1029.114978090276
LINE 249.99999999423673 1030.6857744170711 -530.685774417071 249.99999999419657
LINE -532.256570743866 249.9999999941849 250.00000000585536 -532.256570743866
LINE 250.00000000586712 -533.8273670706609 1033.8273670706608 250.00000000590745
END
