SIZE 500 500
LINE 1250.0 250.0 250.0 250.0
LINE 1249.048221581858 293.619387365336 250.0 250.0
LINE 1246.1946980917455 337.15574274765817 250.0 250.0
LINE 1241.4448613738105 380.5261922200516 250.0 250.0
LINE 1234.807753012208 423.64817766693034 250.0 250.0
LINE 1226.2960071199334 466.43961393810287 250.0 250.0
LINE 1215.9258262890685 508.81904510252076 250.0 250.0
LINE 1203.716950748227 550.705799504273 250.0 250.0
LINE 1189.6926207859083 592.0201433256686 250.0 250.0
LINE 1173.8795325112867 632.6834323650899 250.0 250.0
LINE 1156.30778703665 672.6182617406994 250.0 250.0
LINE 1137.0108331782217 711.7486132350339 250.0 250.0
LINE 1116.0254037844388 750.0 250.0 250.0
LINE 1093.3914458128856 787.2996083468238 250.0 250.0
LINE 1069.1520442889919 823.5764363510459 250.0 250.0
LINE 1043.3533402912353 858.7614290087205 250.0 250.0
LINE 1016.0444431189783 892.7876096865391 250.0 250.0
LINE 987.2773368101243 925.59020761566 250.0 250.0
LINE 957.1067811865478 957.1067811865472 250.0 250.0
LINE 925.5902076156606 987.2773368101238 250.0 250.0
LINE 892.7876096865397 1016.0444431189777 250.0 250.0
LINE 858.761429008721 1043.3533402912349 250.0 250.0
LINE 823.5764363510466 1069.1520442889914 250.0 250.0
LINE 787.2996083468242 1093.3914458128854 250.0 250.0
LINE 750.0000000000005 1116.0254037844384 250.0 250.0
LINE 711.7486132350344 1137.0108331782212 250.0 250.0
LINE 672.6182617407001 1156.3077870366496 250.0 250.0
LINE 632.6834323650904 1173.8795325112865 250.0 250.0
LINE 592.0201433256694 1189.692620785908 250.0 250.0
LINE 550.705799504274 1203.7169507482267 250.0 250.0
LINE 508.81904510252156 1215.925826289068 250.0 250.0
LINE 466.4396139381038 1226.2960071199332 250.0 250.0
LINE 423.6481776669313 1234.8077530122077 250.0 250.0
LINE 380.5261922200526 1241.4448613738102 250.0 250.0
LINE 337.15574274765925 1246.1946980917455 250.0 250.0
LINE 293.6193873653371 1249.0482215818577 250.0 250.0
LINE 250.00000000000117 1250.0 250.0 250.0
LINE 206.38061263466523 1249.048221581858 250.0 250.0
LINE 162.84425725234308 1246.1946980917455 250.0 250.0
LINE 119.47380777994974 1241.4448613738105 250.0 250.0
LINE 76.351822333071 1234.8077530122082 250.0 250.0
LINE 33.5603860618985 1226.2960071199336 250.0 250.0
LINE -8.81904510251934 1215.9258262890685 250.0 250.0
LINE -50.70579950427168 1203.7169507482274 250.0 250.0
LINE -92.02014332566728 1189.6926207859087 250.0 250.0
LINE -132.68343236508827 1173.8795325112874 250.0 250.0
LINE -172.61826174069813 1156.3077870366506 250.0 250.0
LINE -211.74861323503256 1137.0108331782224 250.0 250.0
LINE -249.9999999999987 1116.0254037844393 250.0 250.0
LINE -287.2996083468224 1093.3914458128866 250.0 250.0
LINE -323.57643635104466 1069.1520442889928 250.0 250.0
LINE -358.76142900871935 1043.3533402912362 250.0 250.0
LINE -392.78760968653796 1016.0444431189791 250.0 250.0
LINE -425.59020761565887 987.2773368101253 250.0 250.0
LINE -457.1067811865462 957.1067811865489 250.0 250.0
LINE -487.27733681012273 925.5902076156617 250.0 250.0
LINE -516.0444431189768 892.7876096865408 250.0 250.0
LINE -543.353340291234 858.7614290087222 250.0 250.0
LINE -569.1520442889906 823.5764363510478 250.0 250.0
LINE -593.3914458128845 787.2996083468256 250.0 250.0
LINE -616.0254037844376 750.0000000000018 250.0 250.0
LINE -637.0108331782208 711.7486132350359 250.0 250.0
LINE -656.3077870366491 672.6182617407014 250.0 250.0
LINE -673.8795325112859 632.6834323650919 250.0 250.0
LINE -689.6926207859076 592.0201433256709 250.0 250.0
LINE -703.7169507482262 550.7057995042754 250.0 250.0
LINE -715.9258262890677 508.8190451025232 250.0 250.0
LINE -726.2960071199328 466.43961393810537 250.0 250.0
LINE -734.8077530122076 423.6481776669329 250.0 250.0
LINE -741.44486137381 380.5261922200542 250.0 250.0
LINE -746.1946980917453 337.15574274766084 250.0 250.0
LINE -749.0482215818577 293.61938736533875 250.0 250.0
LINE -750.0 250.00000000000279 250.0 250.0
LINE -749.0482215818579 206.38061263466685 250.0 250.0
LINE -746.1946980917457 162.8442572523447 250.0 250.0
LINE -741.4448613738108 119.4738077799513 250.0 250.0
LINE -734.8077530122085 76.35182233307259 250.0 250.0
LINE -726.2960071199341 33.56038606190009 250.0 250.0
LINE -715.925826289069 -8.819045102517805 250.0 250.0
LINE -703.7169507482279 -50.705799504270146 250.0 250.0
LINE -689.6926207859094 -92.02014332566574 250.0 250.0
LINE -673.879532511288 -132.6834323650868 250.0 250.0
LINE -656.3077870366513 -172.61826174069643 250.0 250.0
LINE -637.0108331782233 -211.74861323503097 250.0 250.0
LINE -616.0254037844404 -249.99999999999704 250.0 250.0
LINE -593.3914458128876 -287.29960834682083 250.0 250.0
LINE -569.1520442889938 -323.5764363510433 250.0 250.0
LINE -543.3533402912373 -358.76142900871776 250.0 250.0
LINE -516.0444431189803 -392.7876096865366 250.0 250.0
LINE -487.2773368101265 -425.5902076156576 250.0 250.0
LINE -457.10678118655017 -457.10678118654494 250.0 250.0
LINE -425.5902076156631 -487.2773368101215 250.0 250.0
LINE -392.7876096865423 -516.0444431189756 250.0 250.0
LINE -358.76142900872367 -543.3533402912328 250.0 250.0
LINE -323.5764363510493 -569.1520442889896 250.0 250.0
LINE -287.2996083468272 -593.3914458128836 250.0 250.0
LINE -250.00000000000347 -616.0254037844365 250.0 250.0
LINE -211.7486132350375 -637.0108331782199 250.0 250.0
LINE -172.61826174070313 -656.3077870366483 250.0 250.0
LINE -132.6834323650936 -673.8795325112852 250.0 250.0
LINE -92.02014332567273 -689.692620785907 250.0 250.0
LINE -50.705799504277195 -703.7169507482256 250.0 250.0
LINE -8.819045102524967 -715.9258262890672 250.0 250.0
LINE 33.56038606189284 -726.2960071199325 250.0 250.0
LINE 76.35182233306531 -734.8077530122073 250.0 250.0
LINE 119.473807779944 -741.4448613738098 250.0 250.0
LINE 162.84425725233734 -746.1946980917451 250.0 250.0
LINE 206.38061263465943 -749.0482215818575 250.0 250.0
LINE 249.99999999999537 -750.0 250.0 250.0
LINE 293.6193873653313 -749.048221581858 250.0 250.0
LINE 337.15574274765345 -746.194698091746 250.0 250.0
LINE 380.5261922200468 -741.444861373811 250.0 250.0
LINE 423.64817766692556 -734.8077530122089 250.0 250.0
LINE 466.4396139380981 -726.2960071199345 250.0 250.0
LINE 508.81904510251604 -715.9258262890695 250.0 250.0
LINE 550.7057995042683 -703.7169507482283 250.0 250.0
LINE 592.020143325664 -689.6926207859101 250.0 250.0
LINE 632.6834323650851 -673.8795325112887 250.0 250.0
LINE 672.6182617406948 -656.3077870366521 250.0 250.0
LINE 711.7486132350293 -637.0108331782241 250.0 250.0
LINE 749.9999999999955 -616.0254037844412 250.0 250.0
LINE 787.2996083468194 -593.3914458128886 250.0 250.0
LINE 823.5764363510417 -569.152044288995 250.0 250.0
LINE 858.7614290087163 -543.3533402912385 250.0 250.0
LINE 892.7876096865351 -516.0444431189816 250.0 250.0
LINE 925.5902076156561 -487.27733681012774 250.0 250.0
LINE 957.1067811865436 -457.1067811865514 250.0 250.0
LINE 987.2773368101203 -425.5902076156643 250.0 250.0
LINE 1016.0444431189744 -392.78760968654365 250.0 250.0
LINE 1043.3533402912317 -358.76142900872514 250.0 250.0
LINE 1069.1520442889885 -323.5764363510508 250.0 250.0
LINE 1093.3914458128825 -287.2996083468288 250.0 250.0
LINE 1116.0254037844356 -250.00000000000512 250.0 250.0
LINE 1137.010833178219 -211.74861323503916 250.0 250.0
LINE 1156.3077870366474 -172.61826174070484 250.0 250.0
LINE 1173.8795325112844 -132.6834323650953 250.0 250.0
LINE 1189.6926207859065 -92.02014332567444 250.0 250.0
LINE 1203.716950748225 -50.70579950427896 250.0 250.0
LINE 1215.9258262890667 -8.81904510252673 250.0 250.0
LINE 1226.296007119932 33.56038606189108 250.0 250.0
LINE 1234.807753012207 76.35182233306347 250.0 250.0
LINE 1241.4448613738095 119.47380777994215 250.0 250.0
LINE 1246.194698091745 162.8442572523355 250.0 250.0
LINE 1249.0482215818574 206.3806126346576 250.0 250.0
LINE 1250.0 249.99999999999355 250.0 250.0
END
